observed_swaps_min_ts = 2026-03-03T17:05:37+00:00
observed_swaps_max_ts = 2026-03-04T11:35:26.681637575+00:00
wallets_min_first_seen = 2026-03-03T17:05:37+00:00
 wallets_max_last_seen = 2026-03-04T05:48:15.224322722+00:00
